1581714790824902362933186146123604051414611157787864598020309346843001004076211897556827061693674473916455571149631846477856510661686261074327246429737588345843493355498532531157746600333455146853556591445595760839050924889569792579125156991289394416449957508109910484096025101522898981720492405656911871
2
3
501
316
41
1002903740398184465994546084073506166499848636481042494727891171717182063182025525573453279557085040104911313715678355957216494409493111520912947788097883043146624293535836216286411072406569289357109498013640969164107272992461047915024257965030018681798970941417493107020327913375881069776838869323478600
906403457156637602980274764206915769849309032755794640480885349502970783924151010132773030781380019041200161562055852556545461456066148254241562236789814747858849747347856687947345895350711851667570033379152576091666123090178394864872569750908085887940903063113451908709360139454150767384335872669824346
0
1
250725935099546116498636521018376541624962159120260623681972792929295515795506381393363319889271260026227828428919588989304123602373277880228236947024470760786656073383959054071602768101642322339277374503410242291026818248115261978756064491257504670449742735354373276755081978343970267444209717330869650
226600864289159400745068691051728942462327258188948660120221337375742695981037752533193257695345004760300040390513963139136365364016537063560390559197453686964712436836964171986836473837677962916892508344788144022916530772544598716218142437727021471985225765778362977177340034863537691846083968167456087
1329057350564801184637513438158412174314101748590698772894774529412961821173520772419516441908672329475864653395786925348361553217180939842545453405010723323638488003777103256458957539207797609996502495014248035230004594234813058375223001523489099518584505670189746820104764768513621498176015304324560257
1111118119796605676944795845657500388048457889173047146954942262690209317806839996630364984796805460930261982060428547590688120384201490099298072350451444386505939146723772189379557757160095609045273447149449469100788912699348125351254928444452762502439243485409888396892892143269638907350092909760138529
1365632204921294185371455289401440362625108761702923863750702046574596291495613779197857196479910324161556290491743313939873656260679022839197593150081998274175812157464048080950237852610459646276911279111344442460219407537740421967795152172783458480905176120086404342550352964140259894750533535644197074
1198887696385863611029987316129291589983247474546011277377432215286244724961713404655788274292888066708637375573703638091640027388149457377701805768938263398094534744309347475203673242571471799291948393031028742343999460380160870288357666285211852835766263087299710887924295879160204061763971923106927338
463473898443005061252808783784467975259491910974157651412718350587136005363657642934663442626499362636882818437699013999869519144180900724155012499715660383335364699546246219680666543038566222409955611645731589853422177829815428756661864498848051427936138517254608019077802400536197905116068208916981273
871558364741075868546519154165760307555395313971087185188546739617141756441519046899921632492752738882303657193979709895516856066828718268697017944850626930763397193267801272028763596095859673902357180418664521712191946594851299414989658535772195047899402864495983785420527293110877412832620673967169994
1433744050099659823819126907100455535491968280266387620889724736199421564202798409952323685793783398695432659245688205059791683945119795514229473904026846726747102355304037727637743332451042309978839222580022287385927875353680342697427115719984227127014449398294849040770667188068816520773029274363933489
526129572296003055115724370121739209491285175090845312167801807910967779713012063703373537552655185871171272334740079034532480260969984855963614723792111854830089946898426867875319390414981672927466842110331248106704586893690889095860900150469641603398150725670394837639925830839732876835568822188897257
1449002194239374599242747094079827110776950081577946972547559523970511395779828121789868533331379558690436023097053500727070153041260422935574874579611486403764839700357693972363642955888038716615870346609959746500489495903862583492625998822659003472925264567585046672167170865116921844875131673788628198
448049720122912954855749362760454130861286906233204830154405671579165045317667526545380042826188340510655412198618964380570135795018828134750812599675012622692803596525065523347844788047259201329838360371542860973610116091149976640798528779133229003830601792759266244706709773983503369760354830328164753
1424155001650183563127834477895709104912144557452787208909229033297877064337037775719769949844022800940407916778111345030410207916458603621166221378154311067747139666434166706165353506173941947897626583963791182675994505704091991846713119713850398669156352852725523329566273145083601510778141530646005216
1172217144814056857328677809322378793415832303222204791929653228246688703817247745787611874851189375187845390867437060162367345469962597613087961217429786188456761192147195141360409963054284720676873218081856712080535997282272542977905976253844417837792167916617217950984433948704531653604270165094268619
705407581995364084778692187694583772288180068885081273316633651246522341467663646925381921630449903507926826333554423040440761755304510314825379394406707694027543391271065196781029068120075934232546458088734100334464608572885669030679891201656363623267760988006042864497228898680340849815534482765653144
754405146635099234672949211512667262273863032549200390501982360173646426654459138784520654458188744688668411232513304273166269921707850338803985161688208436832573046458319920775415291513974489391453508603763503957924824904006845657497407504583546758080552578791790250631833402446094413751129578473077353
553297886972129944828791863734993575773028636536090682077280175305775501880784305699898959402825042246315447200026884341716527989263667003237895697956589517067893462735834463598825154768916626376129713072587938762399479004662205078501072987041849471156937183270437123918606306546067803839929197580895351
90725871263223269977743390492320075060711089775229848748053005572350314816780703629751876277454285919239769448289589209520974175529166291565049973963434421570175643520677785332587948311549975990480833248702241683688466129586324317877982069593230584870354888243978010676003739262498785159495151248014646
753290290542181210904830429173264077295801937565902623284794440654647576751863985555662192782379557881462202221209222310708486100628323574479112988667180727379869485064049100841749666026312021931493691148491820574889826818081354605710586684163553463531251468932283051054867787794700924457789279465146847
1055584124540902270021518069472407934296317553850823082463739994590990123796620978013445312769007906255679246846044398875335479844555733022263809100693094824396614512056864926530431124552975264245363687507173603932113071188072540321350155390273410821581750837251299609208538318676109253168674552401840781
1355907987567683503602772854977706064986905257190819123624135333825181906577109821462315581507432936105814071993749669939901505501162742866075454744659646371691224427453476661998147648084553989069921476724684140238294957860937597666239498502482086764049534502229030384981581382057518450625437486181625529
323365130662668341641856555517043285958286071513194362609628180561194042700250154888256475410980084026386844438539941784381295465684442137932904591747480633248160680353968717219228096314807666773963195868498431188099979985558172939090672937227024409207272055076300667363326239969144102214935220846432754
528004113986124857393508326225644251538054513061769383260932903212906846716389765125315936575462416591039945700472514684386633890503821774431008464013326034143829954515413267403747282103706610294367917363131806158532961342871037871804955422424339843553402810552781161268891398524803073080415563404208528
620239437866876857491722172465808664851690597717834213686637032019755411814639941653841839852955933010315643963510007229877892359244733380870390234181196306422501346506432858083528677931656808535139979421749803041173213527174422714721256146807847746413139078964461399692349730715850083065852034416309614
999840835259930757416864306274797033103420103685671665698710596681049125499016249924660404798835428420281650248481179495357375881271958578277342651021845257769340004739852918328013892271224606095044107122059327849258073958381363236451546133928278075695295534633601648751886270297521521860950688855845088
669744242196110226782918466499111312057971999730428357995873783443664603906447399788473958183124879818972831097911452334385925810889152288039066581800595658771397795433617986327366599803441466127293347707369490295679924378737323037503968527683755877276004825805568646677103119909424784680440278449653578
500
0
0
1
2
2
3
3
4
5
5
5
6
7
8
8
8
8
9
10
11
12
13
13
13
13
13
13
14
15
16
17
18
19
20
21
21
21
21
21
21
21
21
21
22
23
24
25
26
27
28
29
30
31
32
33
34
34
34
34
34
34
34
34
34
34
34
34
34
34
35
36
37
38
39
40
41
42
43
44
45
46
47
48
49
50
51
52
53
54
55
55
55
55
55
55
55
55
55
55
55
55
55
55
55
55
55
55
55
55
55
55
56
57
58
59
60
61
62
63
64
65
66
67
68
69
70
71
72
73
74
75
76
77
78
79
80
81
82
83
84
85
86
87
88
89
89
89
89
89
89
89
89
89
89
89
89
89
89
89
89
89
89
89
89
89
89
89
89
89
89
89
89
89
89
89
89
89
89
89
90
91
92
93
94
95
96
97
98
99
100
101
102
103
104
105
106
107
108
109
110
111
112
113
114
115
116
117
118
119
120
121
122
123
124
125
126
127
128
129
130
131
132
133
134
135
136
137
138
139
140
141
142
143
144
144
144
144
144
144
144
144
144
144
144
144
144
144
144
144
144
144
144
144
144
144
144
144
144
144
144
144
144
144
144
144
144
144
144
144
144
144
144
144
144
144
144
144
144
144
144
144
144
144
144
144
144
144
144
144
145
146
147
148
149
150
151
152
153
154
155
156
157
158
159
160
161
162
163
164
165
166
167
168
169
170
171
172
173
174
175
176
177
178
179
180
181
182
183
184
185
186
187
188
189
190
191
192
193
194
195
196
197
198
199
200
201
202
203
204
205
206
207
208
209
210
211
212
213
214
215
216
217
218
219
220
221
222
223
224
225
226
227
228
229
230
231
232
233
233
233
233
233
233
233
233
233
233
233
233
233
233
233
233
233
233
233
233
233
233
233
233
233
233
233
233
233
233
233
233
233
233
233
233
233
233
233
233
233
233
233
233
233
233
233
233
233
233
233
233
233
233
233
233
233
233
233
233
233
233
233
233
233
233
233
233
233
233
233
233
233
233
233
233
233
233
233
233
233
233
233
233
233
233
233
233
233
233
234
235
236
237
238
239
240
241
242
243
244
245
246
247
248
249
250
251
252
253
254
255
256
257
258
259
260
261
262
263
264
265
266
317
0
0
1
2
2
3
3
4
5
5
5
6
7
8
8
8
8
9
10
11
12
13
13
13
13
13
13
14
15
16
17
18
19
20
21
21
21
21
21
21
21
21
21
22
23
24
25
26
27
28
29
30
31
32
33
34
34
34
34
34
34
34
34
34
34
34
34
34
34
35
36
37
38
39
40
41
42
43
44
45
46
47
48
49
50
51
52
53
54
55
55
55
55
55
55
55
55
55
55
55
55
55
55
55
55
55
55
55
55
55
55
56
57
58
59
60
61
62
63
64
65
66
67
68
69
70
71
72
73
74
75
76
77
78
79
80
81
82
83
84
85
86
87
88
89
89
89
89
89
89
89
89
89
89
89
89
89
89
89
89
89
89
89
89
89
89
89
89
89
89
89
89
89
89
89
89
89
89
89
90
91
92
93
94
95
96
97
98
99
100
101
102
103
104
105
106
107
108
109
110
111
112
113
114
115
116
117
118
119
120
121
122
123
124
125
126
127
128
129
130
131
132
133
134
135
136
137
138
139
140
141
142
143
144
144
144
144
144
144
144
144
144
144
144
144
144
144
144
144
144
144
144
144
144
144
144
144
144
144
144
144
144
144
144
144
144
144
144
144
144
144
144
144
144
144
144
144
144
144
144
144
144
144
144
144
144
144
144
144
145
146
147
148
149
150
151
152
153
154
155
156
157
158
159
160
161
162
163
164
165
166
167
168
169
170
171
172
