13175843156907117380839252916199345042492186767578363998445663477035843932020761233518914911546024351608607150390087656982982306331019593961154237431807
2
3
250
159
1
10008237970996199470944706870871416537886791854376549876890076806940228876753868100468422534490179271594945510615105805884542189161698378200374734827858
11878592641945106763323523243698042855155767094317259955403818235435076685093472374046757081998395734216319284296955431847433927488992722216643685919877
0
1
9089981071202608558155803175817526655717791347383319468445350940252979185198847641876563089395556993703039952848820279962626700455934391530670802422868
12851530528166614726460320498074019495658081849263087987685202166635652120288939018650875454159117197260535183866804600699095211620512876025026599553825
9653903140308765940618434169805505842831455535540336525225050447112659854302596017326924103084513710218285188978065531259490090049459649029784243659156
659507809506447821637613972361901991276307726924421860923951845068020360913329115005444722784032036729431933009166158104441606701885967470875258736725
12753993855494328717889274912050625963552804868865802140411833713408710983691163779364138082378206926049702411844350535795860871363655041985788710296486
4669194975100169450881725118204217738051631841820838788851586197241289182086333384936272465360678311616208327709735712099934415002049816756833088018196
7818723826924675569810810285886438493856889861056563994511619952456389543148858130908569523544061825287168238626178862661083737283260762394185890608510
5455906498891615089150783182785834112151958952582830015115101369926222305809524001261419337050744540532503976790337416338995866326122020562460121492597
5429629289153309514925388389935563215065525685883324901695329174559024873707650209568109682445611369436628703690593867292493747217781777904340768767334
842812095433191013039289815203237655681204667701548919277266770980390534207015917315608593346202747410143786507784303529810746666901727094557060491313
4804014759027190861548160497832717076844782950804756870926576078345771284871590138823838504563042271640828745284550940714233647637721285081367576530092
4690802897276014461857724713505234341550191296090858001936295022443213187688165355637215597247864559186854976251726996281506353585175716900110610290516
701416321101191877353442586946810183796762583493015217426767389743046315512662104614910911701264017946285135536987385067694679362007210642448475655425
4165226696997832521316101392436334827378884302199418009453662359455325762429473124624009688809430932154692480033177444003044270837946103252239974187855
3514859421338924791042278817092943773735003912110990391192879113343458735744640300033671846026081690203712997656841182932080280131654997674487336494688
2285816383709777939697916558900835848739778982426216248239865670486827581913660184552975846291767431328466433543765930962961929204831871897343299551786
5163752720291445301271112980778233346118155610441030309385408575661069836492201824596326713279878418316554532944752383396952835004366000927009867774634
4004097444896852406809183319550459238101333438158376201362506992891147918279210364809086482878848955942882184952356800515865596754132638411094643389111
7720846042917420406734951650261177291868176183996146392063874939167573015764244450016379973697986124806858999594934716594099343814333848345372626392940
1194568164921951441152195401814031853269834504645977915390740922433425585340258399798080488351772771326194907945685776110246982335739823684813658327767
8718608078417497536623078751245916666082811961212833366244617178769789129265611963429974248824833746525818153545158915204490422306252023775500843381163
9085843423346420976370956681951800659058027167450790027224096670180379748720331883871515369446604680510611368399766950173484145835683891591883509412571
12684701977576062535988775617661836956817933125165042757186842506484066723512569078162409375362279131716646467051786061730803922639887098808918125955431
1810710952619667137323607257767672991129161201433651721946029015980961603981473520424783977150971283578152356565547912662451259465855741273332696737621
116163777676600079850360141968945349865240235524829683282273577297181957076227426868514415167472408961301846127916177561806288487949552796292299939011
5149015586612871490525098470618638444754456406356821670470422532057488210355415118792706850375694426494242933144919594432554073417902043213511766087069
249
0
0
1
2
2
3
3
4
5
5
5
6
7
8
8
8
8
9
10
11
12
13
13
13
13
13
13
14
15
16
17
18
19
20
21
21
21
21
21
21
21
21
21
22
23
24
25
26
27
28
29
30
31
32
33
34
34
34
34
34
34
34
34
34
34
34
34
34
34
35
36
37
38
39
40
41
42
43
44
45
46
47
48
49
50
51
52
53
54
55
55
55
55
55
55
55
55
55
55
55
55
55
55
55
55
55
55
55
55
55
55
56
57
58
59
60
61
62
63
64
65
66
67
68
69
70
71
72
73
74
75
76
77
78
79
80
81
82
83
84
85
86
87
88
89
89
89
89
89
89
89
89
89
89
89
89
89
89
89
89
89
89
89
89
89
89
89
89
89
89
89
89
89
89
89
89
89
89
89
90
91
92
93
94
95
96
97
98
99
100
101
102
103
104
105
106
107
108
109
110
111
112
113
114
115
116
117
118
119
120
121
122
123
124
125
126
127
128
129
130
131
132
133
134
135
136
137
138
139
140
141
142
143
144
144
144
144
144
144
144
144
144
144
144
144
144
144
144
144
160
0
0
1
2
2
3
3
4
5
5
5
6
7
8
8
8
8
9
10
11
12
13
13
13
13
13
13
14
15
16
17
18
19
20
21
21
21
21
21
21
21
21
21
22
23
24
25
26
27
28
29
30
31
32
33
34
34
34
34
34
34
34
34
34
34
34
34
34
34
35
36
37
38
39
40
41
42
43
44
45
46
47
48
49
50
51
52
53
54
55
55
55
55
55
55
55
55
55
55
55
55
55
55
55
55
55
55
55
55
55
55
56
57
58
59
60
61
62
63
64
65
66
67
68
69
70
71
72
73
74
75
76
77
78
79
80
81
82
83
84
85
86
87
88
89
89
89
89
89
89
89
89
89
89
89
89
89
89
89
89
