299099473543586972000680494806861960644537292374900103772529510942720752761260295640851273428131932378616427702014072192630743398745846157827878256527277643950644502644626104634053829028481221357466417228719839862092571567680651263
2
3
379
238
677
231132599195101770353773098200436511569414958805707764594820982827393483343206946693587884768929147938332314881170331008449248863876306471051291895361897859950420086211399630593005950826419764158308134272711098520829341653197741182
118474841910431968854808343804635104892152914904829767031076040155077063435716954114100598893352609054898428359813424491786042270683961837192939193477385632878076789276731608407158364916322585412661500292098532830797412216714421540
0
1
207332886570568928588783521953540108214622385888876993034970001178208747216431884493822607906298253173891292571299618848427683915341999696676762102104113286962927272875162959965278402220845551718310242182537694561253621197139760927
179168447249401478214042333354589756545306874913657493644033765510129642239559386348950786437404118453032820940960392219261882267043913538212173926632985230194841448641495954418816505743321257031898583687384553138745638838018931017
12067183144555992818560486746738656239905932415577369521944343008234419829850674111524729907628246942326745073285075717087433969916401198567076026958619302908738411867335286638614325493959002856365285171266219436691802623484789022
267979241586954211985934211871558384681096299753811720371017903933971859976347635149759256742822260148011368574456007735428546628320046822514064566165032889284104347525276371262624250856143082600651729679478697032236536923486411530
47300143789556785354825001002013332035704025256928742478215782412819390869148220745126973766338979600835209570366189763794168483161142295572862024907528719451567130363639855437758103343058505198187187015252235434611240690726214266
186044053421325487360334695071077361946537308578170460801252541098476428374614586219377483105372793460187796430846623760982801249626003501647305230718200449146172037322119331839414315417965907218852720754973283749982453991113340915
269457196521165295745785352014218615742311959320425223788177942730572811224869977195051611627197220064015639090200198780762793044000685891476294325648922552100280216905412840894705408317310126277051994648156938132023717796425229572
40351577572853789260851204891927576500827995071546259734088825107544819089461939962388377905911368437444707885180496361665633260570492703090728609375362404242959035221277297622383945604885186019057280445624745737857026499866768212
89426709928404661743293065079109357635734467350472181254805920527953570686580094001421149036449908679104433570441064905281945946198422972418606413739803296823911687918383452530822653827086289855818046762227913844386088991884239643
101151985219479204631260794543713828050366136382504404988816553784582347411353238151904142869983765483778900610684089644214264548705257161351878580457659172599412418563172715573715265049280042159719525566707123507487551626061556172
146907787349119573814013008948509988952235208013482154316158459357573766859492983885795280406836729038211766423408451295757756918770393354231472273056038915072356962931993268098640307854216331672099641321712402612576136594832452047
147420989427759257486040525859760830700321266469733594160144643818028943752328916903932142363766569171055390660823161987683167709948456829548128546086918369859823510249249183459421620180239553442787864082857467698738162072810203385
188989202955840622550404412835304073729549285006670534195719026994649310916092418907102091181648286640994980004524338991055559097859049152364209378126975087820543791838428842798566544105428893188746699749969343204613642026148525702
84301662810517548553864022816812978853953075103067158008309518155662723222974571671288577258235359489665680479878581276965784256804837071174828425028410024798847458357592468661647456495999792548650553563011804033958506933569811568
151736802609166861224625724787983999787145794103464344489635986974773527343129103383041971099261227382796531363380547181391521915041458387351703879619458514000625982901898304855502614305606550325345183355387466264572393197396094864
134817818332538895469553362663453607675296117914342834198341385235587202936813099803683774047443339394122389632279696474419976215993650162271540917176357221650438018676332394266723459467726827634038744528601881567000598819179699470
275974698468557884385129545884840892904571550539082737858404634546286793022662469093056851611167673946917612987969485758723987846221568075154109176010842166169893878696884165725743718927639524765157328790723198112268572215114689448
68612624053847263599402604562375555831374833390453860075024341861911455238063677527605457491914958990775628083124126563080172637763364421974802556046870648153934846842485449820305017123681605301934155868852090093939169492312744947
163604537783064210502503565033207220371120557824285253709304563242575191407596733470354220509746392715088476169289387913911782433593615337725507067650154072784815198399487885476343074822840364007195641217203605827731296460663593297
99079167261915168069414075162788604244042976060997972798048466255705275938594743817575421301516263064426017497837334319755016678448839393203919928877600605646505812513079826542737321972828614574317877241199023578934378501809673480
225334740414362768186168877118277437769505133112474196020070164333607834420895316434123210201937519648127374561447459913103515083168346934666761410852020115221877964097858199903537943838570745015032637451639335996671253119154032048
23786967141376008664732370756545893790001510337593601931108879022997463399710047266455340610483219589461894204194077083932594481779682003689142827419688263920117089755528053057713299872063697370169124808763302206701999843409270998
146239531678138881521025287149301500587830432203078130723257307670908307319792288684401175973756078448631187358110379485112158515556121506562057599583010271032766711579736178730905840702453244906308996138048194634472315556988467994
281306120252248143814560444057650992849967451733957340593839216679188568206860410348821091840869202795611392524063498756260373909485124127300243876375514206960438592004896820432100274861780050883644205086829391185620877939687080166
291235210860681074168323213624121343025471282515484101757582285840942667008174330645724653292045604645211607604938822328117495006212666719361712119972584640114446808663831389549126068513127268130456513720326435758421123475954928597
89679334252974520536882628988976178718286500239342505462304299752274529732127583155333749524308705254082979313121170656816115912631943564701550123455058836404966180054931357936352942478991282185303363721069408341065740990886896450
378
0
0
1
2
2
3
3
4
5
5
5
6
7
8
8
8
8
9
10
11
12
13
13
13
13
13
13
14
15
16
17
18
19
20
21
21
21
21
21
21
21
21
21
22
23
24
25
26
27
28
29
30
31
32
33
34
34
34
34
34
34
34
34
34
34
34
34
34
34
35
36
37
38
39
40
41
42
43
44
45
46
47
48
49
50
51
52
53
54
55
55
55
55
55
55
55
55
55
55
55
55
55
55
55
55
55
55
55
55
55
55
56
57
58
59
60
61
62
63
64
65
66
67
68
69
70
71
72
73
74
75
76
77
78
79
80
81
82
83
84
85
86
87
88
89
89
89
89
89
89
89
89
89
89
89
89
89
89
89
89
89
89
89
89
89
89
89
89
89
89
89
89
89
89
89
89
89
89
89
90
91
92
93
94
95
96
97
98
99
100
101
102
103
104
105
106
107
108
109
110
111
112
113
114
115
116
117
118
119
120
121
122
123
124
125
126
127
128
129
130
131
132
133
134
135
136
137
138
139
140
141
142
143
144
144
144
144
144
144
144
144
144
144
144
144
144
144
144
144
144
144
144
144
144
144
144
144
144
144
144
144
144
144
144
144
144
144
144
144
144
144
144
144
144
144
144
144
144
144
144
144
144
144
144
144
144
144
144
144
145
146
147
148
149
150
151
152
153
154
155
156
157
158
159
160
161
162
163
164
165
166
167
168
169
170
171
172
173
174
175
176
177
178
179
180
181
182
183
184
185
186
187
188
189
190
191
192
193
194
195
196
197
198
199
200
201
202
203
204
205
206
207
208
209
210
211
212
213
214
215
216
217
218
219
220
221
222
223
224
225
226
227
228
229
230
231
232
233
239
0
0
1
2
2
3
3
4
5
5
5
6
7
8
8
8
8
9
10
11
12
13
13
13
13
13
13
14
15
16
17
18
19
20
21
21
21
21
21
21
21
21
21
22
23
24
25
26
27
28
29
30
31
32
33
34
34
34
34
34
34
34
34
34
34
34
34
34
34
35
36
37
38
39
40
41
42
43
44
45
46
47
48
49
50
51
52
53
54
55
55
55
55
55
55
55
55
55
55
55
55
55
55
55
55
55
55
55
55
55
55
56
57
58
59
60
61
62
63
64
65
66
67
68
69
70
71
72
73
74
75
76
77
78
79
80
81
82
83
84
85
86
87
88
89
89
89
89
89
89
89
89
89
89
89
89
89
89
89
89
89
89
89
89
89
89
89
89
89
89
89
89
89
89
89
89
89
89
89
90
91
92
93
94
95
96
97
98
99
100
101
102
103
104
105
106
107
108
109
110
111
112
113
114
115
116
117
118
119
120
121
122
123
124
125
126
127
128
129
130
131
132
133
134
135
136
137
138
139
140
141
142
143
144
144
144
144
144
144