6640624951081187159942983469764469901416062130859495455216614392426065341738463661693533115419196273210738003796604179119423082390833875356421735665631231
2
3
253
161
7
3994442395787118924887054868296798847219959739438046917172107271331371187236124830357498625598425566413970509614725836467535302022770028058056027403841584
5213744202143238477326250715655200274128923253926242967159103081627504482864152305780695433568955000193763745578213118164750175033007344203578645960051715
0
1
998610598946779731221763717074199711804989934859511729293026817832842796809031207589374656399606391603492627403681459116883825505692507014514006850960396
2963592288306106409317308546354917543886246346196434605593929368513392456150653991868557137247037818351125437343704324321043314355960304890000095406420737
1044071739128538017918321580445269904836620199415528630666581849693029456264770206855454819706704791778742720223232396881335213520866324806632161780850601
1723900222670286916005037024797836077279481953408230599147839105224010272203836488595813587215189228864305448971533229782173862399595472055313215727975472
2755724773837873722494622234310104589930076816831774657662155052018324099667865143807364047242435378735117297922289183021696804466056578797981671781279882
1047673364536397534270242323446400768198307952840990455364495083211308198259504657952657836800199613845129871877454474916039667383251960485541415228392310
4330816535777650910038930246052923568143793831803094552802555405677962616881910356619900525062744333559942989876105777849947693652725249937009153004033089
3723081219759400094634605296142797417425663262928438042548792543140598086151602485431246651020303041058859789428153205385577849857112747114236950529499465
1750851426229553336682072167921706593326083306613939194176070692063859396674315192100890324017547791946960380964125311353950533106871340511034719107224844
3055874418847091333614211342124286718044906544759697187806910880216383015131074384018502350052077172251334659848629349259876016266371574548786446868186047
6427921821259385538239764968345515235403105774914629104094598384427359295530592625582681546909428559514565263867379027907479643489164238644278404257618410
2030012883527616585417852561460636138523910144067292957546584829276561437507121993882396411103711311848605495646081076678491305105912618234537306333493457
6551353413289340164199030495075882183180220601310348970532293143702287612399497318783633524600363998087756085602033397406331677478071927786025635481053014
4809765943436472917174254053564619271875362566345738414971366651288477171598231964599891510304761157011939251752861964850054236359533529627071566990701834
4004369870836474997817606343676546154178579892092978287777032679060148549573344643530618326347987579352948773812986940956608025003801545620855537565581848
237482588488851764885330341169086356470557973793878094378644473552021488661497450819350322172814593081319116265056638429731410770039176733811877302144088
2885621722736026964960391146498747118309446147833320895824766278111473337513254527162867683879579925971988225650248400777440212415047499518985726744628459
225627340642100183543431289533117819421735351166966444308507839076829145454858147394601154395531290195254449953790941115163972139212836553518648473866888
1844810178651998553440157733116528318290710611466435821720272562129397367900519921554872818920433998857396915730600307194452683453360635309757655033746298
6136329190831806245852446180891999704512967097538164586827108241673900387562869279873500433265919624596452480116432774452265889839917030644044655917763785
6613972849786182375100554734370843372983475182613146325133056115624905766547997764650826647673652810163101389680046283029028838929983323572083957891964849
3630077655979715567110705505507788657813412647734727706188115111576228625599720356012742676372710019419955611444364660515180444362963617660487226549148825
4818929833209350123732527178669405160432407130385873945077233090962804201774803678558306759324882483363015676810577211869808929557877448630408230888912769
1867557269572337604384394379929090168686520998690085443814649642739656474297305920936875014182409826397571646066334070384195857506247294547507971939802370
3058770572386369041479666622648415946257109841509811240314517553268075376756428450260446108496781234827148248225113441681843869432773127328572054225533104
4632534369152801984836186643528045261392982780484843068896857086735774364356811533524886886006776421975169531835237750506133429678376372014716846622800869
252
0
0
1
2
2
3
3
4
5
5
5
6
7
8
8
8
8
9
10
11
12
13
13
13
13
13
13
14
15
16
17
18
19
20
21
21
21
21
21
21
21
21
21
22
23
24
25
26
27
28
29
30
31
32
33
34
34
34
34
34
34
34
34
34
34
34
34
34
34
35
36
37
38
39
40
41
42
43
44
45
46
47
48
49
50
51
52
53
54
55
55
55
55
55
55
55
55
55
55
55
55
55
55
55
55
55
55
55
55
55
55
56
57
58
59
60
61
62
63
64
65
66
67
68
69
70
71
72
73
74
75
76
77
78
79
80
81
82
83
84
85
86
87
88
89
89
89
89
89
89
89
89
89
89
89
89
89
89
89
89
89
89
89
89
89
89
89
89
89
89
89
89
89
89
89
89
89
89
89
90
91
92
93
94
95
96
97
98
99
100
101
102
103
104
105
106
107
108
109
110
111
112
113
114
115
116
117
118
119
120
121
122
123
124
125
126
127
128
129
130
131
132
133
134
135
136
137
138
139
140
141
142
143
144
144
144
144
144
144
144
144
144
144
144
144
144
144
144
144
144
144
144
162
0
0
1
2
2
3
3
4
5
5
5
6
7
8
8
8
8
9
10
11
12
13
13
13
13
13
13
14
15
16
17
18
19
20
21
21
21
21
21
21
21
21
21
22
23
24
25
26
27
28
29
30
31
32
33
34
34
34
34
34
34
34
34
34
34
34
34
34
34
35
36
37
38
39
40
41
42
43
44
45
46
47
48
49
50
51
52
53
54
55
55
55
55
55
55
55
55
55
55
55
55
55
55
55
55
55
55
55
55
55
55
56
57
58
59
60
61
62
63
64
65
66
67
68
69
70
71
72
73
74
75
76
77
78
79
80
81
82
83
84
85
86
87
88
89
89
89
89
89
89
89
89
89
89
89
89
89
89
89
89
89
89
511
8346062766143512668324136867434521825884331909811804913771000127747398798952317790002066236183263858946614326800771454190511962601693668405509757182166117486
47125446914534694131579097993419809976955095716785201420286055195012674566357244479460731079205201122720511132925006540350105785156086431086764996857554304860885586653967937772270969055149056096849908977391371752266308172471982589601097478449614615258949356272900190565812730839296826751014759649673012612226351104