10354717741769305252977768237866805321427389645549071170116189679054678940682478846502882896561066713624553211618840202385203911976522554393044160468771151816976706840078913334358399730952774926980235086850991501872665651576831
2
3
372
239
1
9697835867494217486068668990214301344993432253011843583298303149571487379318447497382703825517143536618311956525803025238511331991735739623907722713844253213786354709456805395925081579805863128433272087288330135737422777286279
4718556878063754575627334809327448791271170631029636538573543067156676869139420287870244833196299944463023447818287463004307963635383315493720578701265278648421831694065972225638561585708345271894637583336968635998928908267552
0
1
10190497273200533311250493425953679327318900297414764273411718046683881050341471009222838128800085919372992897845580908098530766980325850700760051030039427166179118807423386349750070193166046977343494336960326160338854933004193
6356998090400591270395717821265264858531487480531944719701480606316508687626094495219002656579608342928032467763991966943678946897107106069952224909701895570593811343555949723588840261903473781463776939259737909936065052855304
8582536141834203399800989955814962772991210493745229211431875754996261533290891863931841218576970346123932875236637147661706723883993481674956575446737026018869229894735313490335000293502169233600725826199376850442895376168304
2072891538667263879624042109071975905747409326008718612412278711836931175507672428428057178457787957093719991217313649762552394418402182449684111696306922191460170289890677794999616944328191057721288352399772782790175429123659
7547003493760936518970449594168132176134336050759811789888828344021225431930882848996285589064529083062473696287044536609906808478204309183502611128431895506602626559208528451523569034168605654652584836868806999724382295881047
4332065746609610355755961580737070629340049192381736525179918797306871341307392800902888589593410022690050377578002090883952210403866785161661656957351639258098852154782730473155824107484308297905018334257199390110249146685445
2126916144764744330382288971431471210157234457840897918995747634829853059169991622918411778574019191865496714756123764743819548201746994757933699772509570802064767267497383443050463658619251928335940051790746292898077927823178
1747816038354766093297362548519123327327119941862212873770662227561316652831641841829617916449215192907002284949202179982606832091627352971501977687753546541268529822390718377190839908817534234695999450956064056135196883094327
8999234289570106892058057943661389814642286801717857501085197124275295842884122050016250947138202318021954076465501999928964140286023761830987552488998243327240879238638260222448090613022692063599198579227300487926937913852816
3375831608494287450381306945010060958845102327039874210778893542636758150956196305861356221339214959047245204246737110453352771894762631058500230607447439086831118177244701253110068931430645301208793806495537566058673171544719
10172542435413685772338451170209804020117082821917192227232731734691986936677817220600463070502117649853666531664874286141054258453533273855501229897162984340574929084133968982106014845733968847818305454224857254748377332108550
5237349845436340601467145886920348240441964979556244679954389663899875377327481286780434846990953409530467053389473119300145809315380686178921167962170880518010183603175973706139437358328912245777815689472486706634194775093800
4701565588789464919596177737812558846217503833085943087517459450123138202543102624281433998649677117715422290637699845716646829141606883026937213824576169438697158997091140607800991292554682316999164044725021136629639645052641
6778987191636178609637707772025541999589254004273774523110515874263733309835623041654826088199177138892762932281059151726231620116278103252118061877424624484802183793294099370176520214027596649170925881230787688365802830068444
5488791910570976132713637486331592366163925275856581415807674225643793972935368787928079125419958408357053603077056100006028242630811962676317227404448297992602518548608409285900039927741247658234591854090942658236530230032409
925126851609524075306367827776172410240846186937107886413384373983911813239592509127149446625601732152754069651181160631429657661797519561831634883854614114524400326773043402196750984186904502891899726792131360645088252401742
2711791637863975721434462643202622597074858575012097983947166768898148662981452878866054213244434907834094078269533045387105670249440674463395738983177061081273407417640793845651648110251360528925369824569207515806711660183700
1260103325744490374895073790239438875544628356022351320520406550069219699624050653972498957326085825846316454869866187952501146573112463953316614337403746770275831168959707025103442911934382817387008587531804863493299231053711
2601545932409914799702485017882883923954469389028061720203562257980462344770975739754790624402806596966737766446566723577782443864230511096858800789948512917510847334347329219471848712926641508339883659520293270625969764541428
2584674254953441864316102313454579132989589872164196326447495181283661273757310809391148860325549449034608272811469337676435109867236105424782017723820743345063272240470126881273595293767471900746175958738775773913782115279751
8151296398812391233436268769318393852592676969883517191008591691107218377429052038216020940384288015325975336744862692040018566597187065492636686521835472364248369982424566561186568496930203495896420590044507649453636545148960
5951290930242926084607518186575230296627602873245098867311362139058507418237803370851695545378085050358640034100442852835333156897660737007464138582668961155083176440367199480450612375808079329004807010087234993041566772883627
7558002495140706430934085551866282336716502240827753559121422656146038261233904639488676696971675008133109298357271139892475587160998591764146132744132230450810207436739736691670932013383655058844204135248625180074754596518411
6469445760211572935782352382144038065935340419869656380383418537152540180966866301363703947208035841162067751414381244296030841574734107983862003152865370279186403191300311953014586014466738836866035180790952465737972195267924
274211808907708504132830505700484072279146045718180790117116142052468606348103385417292982086258814486052715325820904325091453074703371693681415894119454416062249172771921971845561035207368405839601232068372716904558308187629
9381722131369447868962934145001548187715460239136934800561448430454736211795862564523668144764673216473229350935206343868432429906606675646286716553417304718516857438241239577379296780473450896055656184714008795768362916909111
371
0
0
1
2
2
3
3
4
5
5
5
6
7
8
8
8
8
9
10
11
12
13
13
13
13
13
13
14
15
16
17
18
19
20
21
21
21
21
21
21
21
21
21
22
23
24
25
26
27
28
29
30
31
32
33
34
34
34
34
34
34
34
34
34
34
34
34
34
34
35
36
37
38
39
40
41
42
43
44
45
46
47
48
49
50
51
52
53
54
55
55
55
55
55
55
55
55
55
55
55
55
55
55
55
55
55
55
55
55
55
55
56
57
58
59
60
61
62
63
64
65
66
67
68
69
70
71
72
73
74
75
76
77
78
79
80
81
82
83
84
85
86
87
88
89
89
89
89
89
89
89
89
89
89
89
89
89
89
89
89
89
89
89
89
89
89
89
89
89
89
89
89
89
89
89
89
89
89
89
90
91
92
93
94
95
96
97
98
99
100
101
102
103
104
105
106
107
108
109
110
111
112
113
114
115
116
117
118
119
120
121
122
123
124
125
126
127
128
129
130
131
132
133
134
135
136
137
138
139
140
141
142
143
144
144
144
144
144
144
144
144
144
144
144
144
144
144
144
144
144
144
144
144
144
144
144
144
144
144
144
144
144
144
144
144
144
144
144
144
144
144
144
144
144
144
144
144
144
144
144
144
144
144
144
144
144
144
144
144
145
146
147
148
149
150
151
152
153
154
155
156
157
158
159
160
161
162
163
164
165
166
167
168
169
170
171
172
173
174
175
176
177
178
179
180
181
182
183
184
185
186
187
188
189
190
191
192
193
194
195
196
197
198
199
200
201
202
203
204
205
206
207
208
209
210
211
212
213
214
215
216
217
218
219
220
221
222
223
224
225
226
240
0
0
1
2
2
3
3
4
5
5
5
6
7
8
8
8
8
9
10
11
12
13
13
13
13
13
13
14
15
16
17
18
19
20
21
21
21
21
21
21
21
21
21
22
23
24
25
26
27
28
29
30
31
32
33
34
34
34
34
34
34
34
34
34
34
34
34
34
34
35
36
37
38
39
40
41
42
43
44
45
46
47
48
49
50
51
52
53
54
55
55
55
55
55
55
55
55
55
55
55
55
55
55
55
55
55
55
55
55
55
55
56
57
58
59
60
61
62
63
64
65
66
67
68
69
70
71
72
73
74
75
76
77
78
79
80
81
82
83
84
85
86
87
88
89
89
89
89
89
89
89
89
89
89
89
89
89
89
89
89
89
89
89
89
89
89
89
89
89
89
89
89
89
89
89
89
89
89
89
90
91
92
93
94
95
96
97
98
99
100
101
102
103
104
105
106
107
108
109
110
111
112
113
114
115
116
117
118
119
120
121
122
123
124
125
126
127
128
129
130
131
132
133
134
135
136
137
138
139
140
141
142
143
144
144
144
144
144
144
144
