85595923306642287013725186050830213080104178916198540306994083022600052775514714637268418458218625032953259302424096552108221676674090612955749430987149600427242501695099513428568599633733031072966399863002402086662583358550798937183392690847251864397248198073997075766073753318393540524153804049660598288383
2
3
509
320
107
60406631988752581918418935481607415548247958950459687836526290522440249386889283866671247071011760326574649960165061496158233497782234321012157896800148747749269313708972560823288089393342828124276156679286741935539918312931393494437439109469671002770741318096795020174893923321461569502582055067627780222898  
27714253007448862501455096557740443492231901320973319160547713446928676590966522202556981549844109536098127054814047549689596230790445553758863312441148783422592185554828886697225304268032818009172420662957122796593284933398915068854224824413616644446411025895303479157456860009199872869722645359820867164572
0
1
57899619650509288986467326895816960427114079195714192112628614141910088734479678285302020996862252598120292141253313650093669212782603886730914189693611987150938579274792896920106322165202222567552239101322886527216271257508247842201056122791043682891309428561197292926760357489562162637722415791737244199916
49726524905183359132226367164850217413110064788342599943633969873032195535498987869273454616570339900501161414915560163476509896034656694917590543603861996069269297236256978388590625883874720038776305097240481742479612912625128235805252551527030093310226855510824407672401091661496738479507563364785515935335
1307460519739932417988653430535249240288070985836010062408403044953416933907964879525890202804621904251839010936679689542937841544139273430687322959871257815249743404122124187952000012991103973446023283340313813832461338202811552605648645127892782262400560437112709722095094691245730210127479324883453343876
15352205222103336444372480009485188135629458319104410858763085529666041048479839169735900477617785844589221794220818721424462655906747115684501858458658133022325593784165785090870646662906747136731143077537290588255517708123496779951397455160794133633004226364304153861528270522161770700414198693954724881435
53594562885948135302908535276366367559203013551080768302629734252142896929607823943451442947853810559740363214801117821720275623350460528251145194108916251979769406007212958526371437730593749840196327594484332705285176282987807337679637227248860518761921665191018758493080309835430532014203604311928037239835
37168795897410290930242541216362618604871323183644040181027384515834713804464295708076344526121742019769908753833680594165581220142681445238610233968717493666684223471711358264235159785899419084859450538422858422309084998074613341392920299121129613941943764146065378904532393357718533878161674498285389838026
14423055228288714853710325064226396187434953984923513607385615837452354820565004409865867052305985166179889860085696187908184241648267517426566862326030832893108482834872559495675563006281531664739832056774382624665607667025432637077675295441693933721653094670920950471116573946727281955703319160894738791680
10927103170013407755623490721741907586197347646113357081819300927386987339206784113966978036128104876456067585591939224197950035238078486920730600610158006078710358926232452068686975190873730274440777197493945596205400346825710647077641990245550065723127979752885140762702667499944696575435290478183576769681
20657987873367766664124935661395342476230960973290374392174515460773625350292461407942453072850490935240784896444804625947302921052381005843053200638672516955889122189229130614050343680289648743221779684022368517204903640498982432606979600114043087872603148140657195771821088542670458617103593640881106613119
63522180156197629745081866529868977129057693368805011886200465556235008249636071092580699881682368401175292975894980185241009540312856615703594836627686222416770177609027671269326371313991188194671368402523943086933991144316905065724698689813957421091439092154875088850546085563190873904029732991766887663077
40543028627253087693883527749621685486945383167975441617745520303423678611429802662073884758279345781866175493160889637585322983987910210733490676075062143353483322966488836757805094626993906457544431850532363822099531777834421051197979408523407754134673029391129812906516028648830993676961189250246036691185
5837408987494918889149898633943780364364304392288376068858711447093160988466651057097648085609114523622519297167449970189898314629777239247608621463390834255373425578009949051848566679698354437034690839630585436724655306867312766862555131015091903521625250485141026680401929874011593709450910009276381825041
46743398238797545622437857849672032140926057747907034126053528695429716063157179852173385885346832885567705020005243523568399574273418423423099843570898259790617843414318080478729339809552539727933071232755030344360577573520600577920485536774610599695445446987535962707396592257721755335178553525547890138130
14555817208075625853647676748840585286325946273166313661795414995336140492556516306483334110487102854043970497622930214084864514649834653643613318642645948261525565822192166323791124598844965759932976810015140446429225734486443497575874172366976696629088307291055898533216671556424319271082753947748503870389
9643253054801952842820777978688037652452403126664985953542642398550627008099197702692517233581072027357239261501617218566580215377267192783902966454410588634031183636082959992248657927953862381208467985537420174014482412498567965050976120055282503133547891457329763094362359798015730879215275422727647920780
61980626401631600253884182178348854143275736626909392700510511544781083162532150289890221842052830633361717503448632609962221452591876992534932447966573621256525480278326782763298569214575515392676774955920912203205162401428031193381885221737710060807090034869706815696149978431077328897883739682468876604359
49976806942027730999684067975309442189067162389027810317729699398425060609032417047753514208061048762418901156840601365651430499770400761576182618205854721780999389651417689326248966912670245408680222039276354893364431351160277907044278927244329606604713610081936035813199922219656472316699930760862928326581
10388877779265668198895071768896732580454797640051571523078949122328874553812519954736381483478301510867348630570934095649128605848901374087890005239543000472780912005952252282453345820044128419569960713428212590746688331077263222956836537718538898394089695899746565198989131598731568515009617472322043935865
17581384681126605215841951681423721101874035948345880292265130213349803144778517337595838211313287397287647169840112059150041170969770672755252588647726024645720712518381202806857630018015214170768993370207730552193506707535719488995830347614573599809449064674408969592731319701267364517975224205719430203533
67092280411093346813333738312378172994302073993005171121153038932506631538691897318074988100360400324087653538164348486344057739325744439877073595274479277408309641572087044693829573514499910312965448820200223787102740283963424897567763916594018802042767622598100120931848599393495148346157460933397328023797
77277750052425085710239043498957630330013743512616479879548633169480747032138464111295885468137215329334363986422752647824201132642936849683488416559163788045855386175664460270994101479135808631204466388343018079449339512362535160925465430216832998800454556625110913716389343530837354853891053960719107900672
76629472229602343910403096625519230207397321382952940623932752778012773834413542625834470608040279546583704584760403475700707799841170665022901443253955976220195430946966901817506296416681197913671785659352489916350972103104938258781815801786939293517056347290703616297433001475562013704721288769818882947966
52076861732552084300545646076785530832541117742758906321086834452746195791787638483568304462543337386263369491901623565008728926354736951164737698428291873378848278254153239668027523426079758596832025688789340517744575179165226488254938654374040920116146383273887958304333560941268947445098600302183285367081
23369643506599447312841990922982067890752424097869069975785549331671127814423785186670797515719311064214865898340587186798849279524816197378714469068480129647263285063164244168810009236319822574302707356911068599931444267998040324959029174029980021402395917426512709926101685635964877022433026961675647672274
38288945456371143777583714248410113131811173338577921721299335947069154684202888491267168495415789693654194122584805077226573374103276001046122617591811084742121761866683439921802201837061114159192946580893603024919939795985223951406808332894134662031172954480830535502423604020512495530611611058089098553493
27895729605829156119754903833481853450015719604528364375862107506259481036183564532817531129804594205839126915760083844569536457120323288575344529684272891709889517114106054525383059405591630302615350806195825686986978461716005708357692604387374432324661491383764854051472796443689319620900399245284309187963
508
0
0
1
2
2
3
3
4
5
5
5
6
7
8
8
8
8
9
10
11
12
13
13
13
13
13
13
14
15
16
17
18
19
20
21
21
21
21
21
21
21
21
21
22
23
24
25
26
27
28
29
30
31
32
33
34
34
34
34
34
34
34
34
34
34
34
34
34
34
35
36
37
38
39
40
41
42
43
44
45
46
47
48
49
50
51
52
53
54
55
55
55
55
55
55
55
55
55
55
55
55
55
55
55
55
55
55
55
55
55
55
56
57
58
59
60
61
62
63
64
65
66
67
68
69
70
71
72
73
74
75
76
77
78
79
80
81
82
83
84
85
86
87
88
89
89
89
89
89
89
89
89
89
89
89
89
89
89
89
89
89
89
89
89
89
89
89
89
89
89
89
89
89
89
89
89
89
89
89
90
91
92
93
94
95
96
97
98
99
100
101
102
103
104
105
106
107
108
109
110
111
112
113
114
115
116
117
118
119
120
121
122
123
124
125
126
127
128
129
130
131
132
133
134
135
136
137
138
139
140
141
142
143
144
144
144
144
144
144
144
144
144
144
144
144
144
144
144
144
144
144
144
144
144
144
144
144
144
144
144
144
144
144
144
144
144
144
144
144
144
144
144
144
144
144
144
144
144
144
144
144
144
144
144
144
144
144
144
144
145
146
147
148
149
150
151
152
153
154
155
156
157
158
159
160
161
162
163
164
165
166
167
168
169
170
171
172
173
174
175
176
177
178
179
180
181
182
183
184
185
186
187
188
189
190
191
192
193
194
195
196
197
198
199
200
201
202
203
204
205
206
207
208
209
210
211
212
213
214
215
216
217
218
219
220
221
222
223
224
225
226
227
228
229
230
231
232
233
233
233
233
233
233
233
233
233
233
233
233
233
233
233
233
233
233
233
233
233
233
233
233
233
233
233
233
233
233
233
233
233
233
233
233
233
233
233
233
233
233
233
233
233
233
233
233
233
233
233
233
233
233
233
233
233
233
233
233
233
233
233
233
233
233
233
233
233
233
233
233
233
233
233
233
233
233
233
233
233
233
233
233
233
233
233
233
233
233
234
235
236
237
238
239
240
241
242
243
244
245
246
247
248
249
250
251
252
253
254
255
256
257
258
259
260
261
262
263
264
265
266
267
268
269
270
271
272
273
274
321
0
0
1
2
2
3
3
4
5
5
5
6
7
8
8
8
8
9
10
11
12
13
13
13
13
13
13
14
15
16
17
18
19
20
21
21
21
21
21
21
21
21
21
22
23
24
25
26
27
28
29
30
31
32
33
34
34
34
34
34
34
34
34
34
34
34
34
34
34
35
36
37
38
39
40
41
42
43
44
45
46
47
48
49
50
51
52
53
54
55
55
55
55
55
55
55
55
55
55
55
55
55
55
55
55
55
55
55
55
55
55
56
57
58
59
60
61
62
63
64
65
66
67
68
69
70
71
72
73
74
75
76
77
78
79
80
81
82
83
84
85
86
87
88
89
89
89
89
89
89
89
89
89
89
89
89
89
89
89
89
89
89
89
89
89
89
89
89
89
89
89
89
89
89
89
89
89
89
89
90
91
92
93
94
95
96
97
98
99
100
101
102
103
104
105
106
107
108
109
110
111
112
113
114
115
116
117
118
119
120
121
122
123
124
125
126
127
128
129
130
131
132
133
134
135
136
137
138
139
140
141
142
143
144
144
144
144
144
144
144
144
144
144
144
144
144
144
144
144
144
144
144
144
144
144
144
144
144
144
144
144
144
144
144
144
144
144
144
144
144
144
144
144
144
144
144
144
144
144
144
144
144
144
144
144
144
144
144
144
145
146
147
148
149
150
151
152
153
154
155
156
157
158
159
160
161
162
163
164
165
166
167
168
169
170
171
172
173
174
175
176
